  PLot CLot velocity
    1    1     63
    1    1     78
    1    2     56
    1    2     58
    1    3     69
    1    3     63
    1    4     78
    1    4     79
    2    1     71
    2    1     70
    2    2     60
    2    2     65
    2    3     64
    2    3     68
    2    4     65
    2    4     77
    3    1     72
    3    1     55
    3    2     58
    3    2     55
    3    3     69
    3    3     71
    3    4     63
    3    4     72
    4    1     70
    4    1     64
    4    2     60
    4    2     71
    4    3     66
    4    3     68
    4    4     73
    4    4     79
