  A B C D E F G H I J diameter
  0 0 0 0 1 0 0 1 0 0    6.4
  1 0 0 0 0 0 1 1 1 1    5.7
  0 1 0 0 0 1 0 1 1 1    6.1
  1 1 0 0 1 1 1 1 0 0    7.6
  0 0 1 0 0 1 1 0 0 1    3.5
  1 0 1 0 1 1 0 0 1 0    3.5
  0 1 1 0 1 0 1 0 1 0    3.7
  1 1 1 0 0 0 0 0 0 1    6.5
  0 0 0 1 0 1 1 0 1 0   10.1
  1 0 0 1 1 1 0 0 0 1    3.6
  0 1 0 1 1 0 1 0 0 1   15.6
  1 1 0 1 0 0 0 0 1 0   12.3
  0 0 1 1 1 0 0 1 1 1   12.1
  1 0 1 1 0 0 1 1 0 0   17.3
  0 1 1 1 0 1 0 1 0 0   14.9
  1 1 1 1 1 1 1 1 1 1   15.3 
