  block A B C trtmt   y
    1   1 1 1  111   7.30
    1   1 1 2  112   9.50
    1   1 2 1  121  13.80
    1   1 2 2  122  15.40
    1   2 1 1  211  16.00
    1   2 1 2  212  18.70
    1   2 2 1  221  11.30
    1   2 2 2  222  14.50
    2   1 1 1  111   8.80
    2   1 1 2  112  11.30
    2   1 2 1  121  15.30
    2   1 2 2  122  17.70
    2   2 1 1  211  17.90
    2   2 1 2  212  20.80
    2   2 2 1  221  12.00
    2   2 2 2  222  15.40
    3   1 1 1  111  11.70
    3   1 1 2  112  14.10
    3   1 2 1  121  17.20
    3   1 2 2  122  22.30
    3   2 1 1  211  22.60
    3   2 1 2  212  24.80
    3   2 2 1  221  16.90
    3   2 2 2  222  18.50
    4   1 1 1  111   6.20
    4   1 1 2  112   8.30
    4   1 2 1  121  11.20
    4   1 2 2  122  15.40
    4   2 1 1  211  16.80
    4   2 1 2  212  17.40
    4   2 2 1  221   8.20
    4   2 2 2  222  12.50