  WP A SP B C time
   1 1  1 2 2  301
   1 1  2 1 1  326
   1 1  3 2 3  260
   1 1  4 1 3  290
   1 1  5 1 2  312
   1 1  6 2 1  292
   2 2  1 1 1  329
   2 2  2 1 2  331
   2 2  3 1 3  285
   2 2  4 2 1  306
   2 2  5 2 2  258
   2 2  6 2 3  276
   3 2  1 2 2  290
   3 2  2 1 1  380
   3 2  3 1 2  335
   3 2  4 1 3  309
   3 2  5 2 3  243
   3 2  6 2 1  334
   4 2  1 1 1  321
   4 2  2 2 1  337
   4 2  3 2 3  275
   4 2  4 1 2  316
   4 2  5 1 3  307
   4 2  6 2 2  250
   5 2  1 2 2  308
   5 2  2 1 1  345
   5 2  3 2 1  307
   5 2  4 2 3  288
   5 2  5 1 3  321
   5 2  6 1 2  330
   6 1  1 1 1  344
   6 1  2 2 3  283
   6 1  3 2 1  281
   6 1  4 2 2  261
   6 1  5 1 3  307
   6 1  6 1 2  292
   7 1  1 2 1  274
   7 1  2 1 3  310
   7 1  3 1 2  304
   7 1  4 2 2  279
   7 1  5 2 3  277
   7 1  6 1 1  330
   8 1  1 1 3  302
   8 1  2 1 2  325
   8 1  3 2 2  301
   8 1  4 1 1  338
   8 1  5 2 3  270
   8 1  6 2 1  297
   9 2  1 1 2  323
   9 2  2 1 3  334
   9 2  3 2 3  265
   9 2  4 1 1  326
   9 2  5 2 2  269
   9 2  6 2 1  297
  10 1  1 2 3  309
  10 1  2 1 3  314
  10 1  3 2 2  259
  10 1  4 1 1  344
  10 1  5 2 1  310
  10 1  6 1 2  322
