  block WP dose time drug fluid lnfluid
    1    1   1    1    1    5.7  1.740
    1    1   1    1    2    8.6  2.152
    1    1   1    1    3    6.9  1.932
    1    1   1    1    4    6.6  1.887
    1    1   1    1    5    6.7  1.902
    1    1   1    1    6    7.4  2.001
    1    1   1    1    7    5.7  1.740
    1    1   1    1    8    6.7  1.902
    1    2   1    2    1    8.4  2.128
    1    2   1    2    2    9.6  2.262
    1    2   1    2    3    9.3  2.230
    1    2   1    2    4   11.1  2.407
    1    2   1    2    5   12.5  2.526
    1    2   1    2    6    8.7  2.163
    1    2   1    2    7    9.3  2.230
    1    2   1    2    8    9.5  2.251
    1    3   2    1    1    5.1  1.629
    1    3   2    1    2    7.2  1.974
    1    3   2    1    3    6.8  1.917
    1    3   2    1    4    6.4  1.856
    1    3   2    1    5    6.6  1.887
    1    3   2    1    6    8.7  2.163
    1    3   2    1    7    6.7  1.902
    1    3   2    1    8    7.0  1.946
    1    4   2    2    1    7.3  1.988
    1    4   2    2    2    8.7  2.163
    1    4   2    2    3    7.9  2.067
    1    4   2    2    4    6.9  1.932
    1    4   2    2    5    8.9  2.186
    1    4   2    2    6    9.5  2.251
    1    4   2    2    7    8.3  2.116
    1    4   2    2    8   11.3  2.425
    2    5   1    1    1    5.8  1.758
    2    5   1    1    2    6.8  1.917
    2    5   1    1    3    7.0  1.946
    2    5   1    1    4    8.5  2.140
    2    5   1    1    5    7.8  2.054
    2    5   1    1    6    7.3  1.988
    2    5   1    1    7    6.4  1.856
    2    5   1    1    8    8.5  2.140
    2    6   1    2    1    9.1  2.208
    2    6   1    2    2   10.8  2.380
    2    6   1    2    3    6.9  1.932
    2    6   1    2    4   12.2  2.501
    2    6   1    2    5    9.9  2.293
    2    6   1    2    6   10.4  2.342
    2    6   1    2    7   10.6  2.361
    2    6   1    2    8   10.5  2.351
    2    7   2    1    1    5.4  1.686
    2    7   2    1    2    7.9  2.067
    2    7   2    1    3    8.0  2.079
    2    7   2    1    4    6.4  1.856
    2    7   2    1    5    8.4  2.128
    2    7   2    1    6    7.1  1.960
    2    7   2    1    7    6.4  1.856
    2    7   2    1    8    7.2  1.974
    2    8   2    2    1    5.3  1.668
    2    8   2    2    2   10.4  2.342
    2    8   2    2    3    8.2  2.104
    2    8   2    2    4    8.1  2.092
    2    8   2    2    5   10.9  2.389
    2    8   2    2    6    9.8  2.282
    2    8   2    2    7    8.4  2.128
    2    8   2    2    8   14.6  2.681