  round golfer order driver distance
    1     1      1     1      175
    1     1      2     2       90
    1     1      3     3      176
    1     1      4     4      102
    1     2      1     2      157
    1     2      2     1      149
    1     2      3     4      166
    1     2      4     3      140
    1     3      1     3      196
    1     3      2     4      182
    1     3      3     1      199
    1     3      4     2      158
    1     4      1     4      147
    1     4      2     3      216
    1     4      3     2      197
    1     4      4     1      134
    2     1      1     2      147
    2     1      2     1      191
    2     1      3     4      137
    2     1      4     3      165
    2     2      1     1      124
    2     2      2     2      135
    2     2      3     3      171
    2     2      4     4       79
    2     3      1     4      180
    2     3      2     3      195
    2     3      3     2      206
    2     3      4     1      184
    2     4      1     3      167
    2     4      2     4      161
    2     4      3     1      143
    2     4      4     2      121
    3     1      1     3      187
    3     1      2     4      166
    3     1      3     1      176
    3     1      4     2      181
    3     2      1     4      135
    3     2      2     3      123
    3     2      3     2      168
    3     2      4     1      131
    3     3      1     1      197
    3     3      2     2      165
    3     3      3     3      200
    3     3      4     4      171
    3     4      1     2      216
    3     4      2     1      158
    3     4      3     4      181
    3     4      4     3      180
    4     1      1     4      176
    4     1      2     3      192
    4     1      3     2      193
    4     1      4     1      154
    4     2      1     3      176
    4     2      2     4      125
    4     2      3     1       95
    4     2      4     2      187
    4     3      1     2      150
    4     3      2     1      188
    4     3      3     4      201
    4     3      4     3      192
    4     4      1     1      162
    4     4      2     2      170
    4     4      3     3      214
    4     4      4     4      123