  golfer brand distance
    1      1     209
    1      1     204
    1      1     179
    1      1     230
    1      1     233
    1      1     245
    1      2     188
    1      2     211
    1      2     242
    1      2     222
    1      2     187
    1      2     233
    1      3     219
    1      3     204
    1      3     247
    1      3     215
    1      3     197
    1      3     161
    2      1     240
    2      1     207
    2      1     192
    2      1     190
    2      1     226
    2      1     188
    2      2     216
    2      2     195
    2      2     240
    2      2     215
    2      2     219
    2      2     238
    2      3     195
    2      3     221
    2      3     205
    2      3     192
    2      3     183
    2      3     230
