        A B C D E F G block lns2
        0 0 0 0 0 0 0   1   0.7044
        1 1 0 0 0 0 0   2   0.0561
        1 0 1 0 0 0 0   1   0.5907
        0 1 1 0 0 0 0   2   0.3615
        0 0 1 0 0 0 1   1  -0.0297
        1 1 1 0 0 0 1   2  -0.1158
        1 0 0 0 0 0 1   1   0.3914
        0 1 0 0 0 0 1   2  -0.1952
        0 1 0 1 0 0 0   1   0.0792
        1 0 0 1 0 0 0   2   0.4585
        1 1 1 1 0 0 0   1   0.3228
        0 0 1 1 0 0 0   2   0.2531
        0 1 1 1 0 0 1   1  -0.1599
        1 0 1 1 0 0 1   2   0.2727
        1 1 0 1 0 0 1   1  -0.0996
        0 0 0 1 0 0 1   2   0.6861
        0 0 0 1 1 0 0   1   0.5878
        1 1 0 1 1 0 0   2  -0.0074
        1 0 1 1 1 0 0   1   0.3577
        0 1 1 1 1 0 0   2  -0.2328
        0 0 1 1 1 0 1   1   0.1847
        1 1 1 1 1 0 1   2  -0.1046
        1 0 0 1 1 0 1   1   0.5706
        0 1 0 1 1 0 1   2  -0.2069
        0 1 0 0 1 0 0   1  -0.1805
        1 0 0 0 1 0 0   2   0.8051
        1 1 1 0 1 0 0   1  -0.3224
        0 0 1 0 1 0 0   2   0.4634
        0 1 1 0 1 0 1   1  -0.1433
        1 0 1 0 1 0 1   2   0.2904
        1 1 0 0 1 0 1   1   0.1354
        0 0 0 0 1 0 1   2   0.4692
        0 1 0 0 0 1 0   3  -0.6760
        1 0 0 0 0 1 0   4   0.5457
        1 1 1 0 0 1 0   3  -0.3824
        0 0 1 0 0 1 0   4   0.0846
        0 1 1 0 0 1 1   3  -0.2996
        1 0 1 0 0 1 1   4   0.4453
        1 1 0 0 0 1 1   3  -0.4539
        0 0 0 0 0 1 1   4   0.2361
        0 0 0 1 0 1 0   3   0.2970
        1 1 0 1 0 1 0   4  -0.5069
        1 0 1 1 0 1 0   3   0.1646
        0 1 1 1 0 1 0   4  -0.3299
        0 0 1 1 0 1 1   3   0.3878
        1 1 1 1 0 1 1   4  -0.3245
        1 0 0 1 0 1 1   3   0.2168
        0 1 0 1 0 1 1   4  -0.3233
        0 1 0 1 1 1 0   3   0.0148
        1 0 0 1 1 1 0   4   0.4199
        1 1 1 1 1 1 0   3  -0.4898
        0 0 1 1 1 1 0   4   0.2957
        0 1 1 1 1 1 1   3   0.1308
        1 0 1 1 1 1 1   4   0.2278
        1 1 0 1 1 1 1   3  -0.1829
        0 0 0 1 1 1 1   4   0.4269
        0 0 0 0 1 1 0   3   0.0182
        1 1 0 0 1 1 0   4  -0.4798
        1 0 1 0 1 1 0   3   0.2070
        0 1 1 0 1 1 0   4  -0.0669
        0 0 1 0 1 1 1   3   0.1101
        1 1 1 0 1 1 1   4  -0.0584
        1 0 0 0 1 1 1   3   0.2642
        0 1 0 0 1 1 1   4  -0.6856
