         flavor time order
          1     924    1
          1     876    2
          1    1150    5
          1    1053    7
          1    1041   10
          1    1037   12
          1    1125   15
          1    1075   16
          1    1066   20
          1     977   22
          1     886   25
          2     891    3
          2     982    4
          2    1041    8
          2    1135   13
          2    1019   14
          2    1093   18
          2     994   27
          2     960   30
          2     889   31
          2     967   32
          2     838   33
          3     817    6
          3    1032    9
          3     844   11
          3     841   17
          3     785   19
          3     823   21
          3     846   23
          3     840   24
          3     848   26
          3     848   28
          3     832   29
