  shape solute concentn time
    1      1      1     54.25
    1      1      1     53.33
    1      2      1     37.17
    1      2      1     37.50
    1      3      1     42.75
    1      3      1     43.83
    1      1      2     52.50
    1      1      2     52.25
    1      2      2     28.33
    1      2      2     28.83
    1      3      2     39.33
    1      3      2     40.00
    1      1      3     47.25
    1      1      3     48.00
    1      2      3     21.17
    1      2      3     21.33
    1      3      3     35.83
    1      3      3     37.00
    1      1      4     43.83
    1      1      4     44.33
    1      2      4     15.50
    1      2      4     16.33
    1      3      4     25.50
    1      3      4     26.17
    2      1      1     87.00
    2      1      1     85.83
    2      2      1     64.33
    2      2      1     62.83
    2      3      1     76.50
    2      3      1     77.17
    2      1      2     83.50
    2      1      2     82.00
    2      2      2     51.83
    2      2      2     51.50
    2      3      2     67.08
    2      3      2     67.33
    2      1      3     78.50
    2      1      3     79.50
    2      2      3     36.00
    2      2      3     37.33
    2      3      3     55.50
    2      3      3     55.67
    2      1      4     69.00
    2      1      4     67.83
    2      2      4     25.00
    2      2      4     25.50
    2      3      4     45.83
    2      3      4     46.50
    3      1      1     65.83
    3      1      1     65.00
    3      2      1     54.00
    3      2      1     53.17
    3      3      1     55.17
    3      3      1     54.83
    3      1      2     61.83
    3      1      2     62.50
    3      2      2     42.50
    3      2      2     43.83
    3      3      2     47.00
    3      3      2     48.50
    3      1      3     57.50
    3      1      3     58.67
    3      2      3     33.00
    3      2      3     32.50
    3      3      3     43.50
    3      3      3     44.83
    3      1      4     54.50
    3      1      4     55.00
    3      2      4     27.50
    3      2      4     28.33
    3      3      4     36.72
    3      3      4     35.15
