  A B C D E F length width
  0 0 0 0 0 0    0     75
  0 0 0 0 0 0    5     60
  0 0 0 0 0 0    0     70
  0 0 0 0 0 0    0     85
  0 0 0 0 0 0    5     90
  0 0 0 1 1 1   75     50
  0 0 0 1 1 1   90     40
  0 0 0 1 1 1   70     40
  0 0 0 1 1 1   65     40
  0 0 0 1 1 1   65     45
  0 1 1 0 0 1   45     45
  0 1 1 0 0 1   50     45
  0 1 1 0 0 1   45     45
  0 1 1 0 0 1   45     50
  0 1 1 0 0 1   45     40
  0 1 1 1 1 0  100    130
  0 1 1 1 1 0  105    130
  0 1 1 1 1 0  105    125
  0 1 1 1 1 0  110    135
  0 1 1 1 1 0  105    135
  1 0 1 0 1 0  105     55
  1 0 1 0 1 0  110     60
  1 0 1 0 1 0  105     60
  1 0 1 0 1 0  120     55
  1 0 1 0 1 0  100     60
  1 0 1 1 0 1   45     80
  1 0 1 1 0 1   55     65
  1 0 1 1 0 1   65     50
  1 0 1 1 0 1   50     40
  1 0 1 1 0 1   50     45
  1 1 0 0 1 1  150    100
  1 1 0 0 1 1  140     80
  1 1 0 0 1 1  155     85
  1 1 0 0 1 1   50     90
  1 1 0 0 1 1  145     85
  1 1 0 1 0 0   55     65
  1 1 0 1 0 0   65     60
  1 1 0 1 0 0   55     65
  1 1 0 1 0 0   55     65
  1 1 0 1 0 0   60     60
