  subject shape area TC    y
     1      1    1   11   0.20
     1      1    2   12  -0.25
     1      2    1   21   0.85
     1      2    2   22  -0.50
     1      3    1   31   0.40
     1      3    2   32   0.05
     2      1    1   11   1.70
     2      1    2   12   0.30
     2      2    1   21   1.80
     2      2    2   22   0.40
     2      3    1   31   1.40
     2      3    2   32   1.80
     3      1    1   11  -0.60
     3      1    2   12  -0.90
     3      2    1   21  -0.90
     3      2    2   22  -0.50
     3      3    1   31  -0.70
     3      3    2   32  -0.50
     4      1    1   11   0.60
     4      1    2   12   0.10
     4      2    1   21   0.70
     4      2    2   22   0.20
     4      3    1   31   0.70
     4      3    2   32   0.60
     5      1    1   11   0.50
     5      1    2   12   0.40
     5      2    1   21   0.30
     5      2    2   22   0.70
     5      3    1   31   0.50
     5      3    2   32   0.60
     6      1    1   11   0.20
     6      1    2   12  -0.60
     6      2    1   21   0.00
     6      2    2   22  -1.40
     6      3    1   31  -0.60
     6      3    2   32  -1.20
     7      1    1   11   1.30
     7      1    2   12  -0.10
     7      2    1   21  -0.40
     7      2    2   22   0.50
     7      3    1   31  -0.15
     7      3    2   32   0.30
     8      1    1   11  -0.85
     8      1    2   12  -1.30
     8      2    1   21  -0.40
     8      2    2   22  -1.55
     8      3    1   31  -0.85
     8      3    2   32  -1.30
     9      1    1   11   0.80
     9      1    2   12   0.05
     9      2    1   21   0.55
     9      2    2   22   1.25
     9      3    1   31   1.30
     9      3    2   32   0.20
    10      1    1   11   0.10
    10      1    2   12  -0.10
    10      2    1   21  -0.30
    10      2    2   22   0.95
    10      3    1   31   0.30
    10      3    2   32  -0.95
    11      1    1   11  -0.20
    11      1    2   12  -0.40
    11      2    1   21  -0.50
    11      2    2   22  -0.30
    11      3    1   31  -0.40
    11      3    2   32  -0.40
    12      1    1   11   0.05
    12      1    2   12  -0.20
    12      2    1   21   0.55
    12      2    2   22   0.60
    12      3    1   31   0.10
    12      3    2   32   0.10
    13      1    1   11   0.80
    13      1    2   12  -0.60
    13      2    1   21   0.20
    13      2    2   22  -0.60
    13      3    1   31  -0.60
    13      3    2   32  -0.30
    14      1    1   11  -0.25
    14      1    2   12  -0.70
    14      2    1   21   0.00
    14      2    2   22  -0.70
    14      3    1   31  -0.10
    14      3    2   32  -0.95
