  subject order flex rotn  y   TC 
     1      1     3    1  250  31
     1      2     2    1  230  21
     1      3     2    3  170  23
     1      4     1    1  160  11
     1      5     2    2  240  22
     1      6     1    3  160  13
     1      7     1    2  150  12
     1      8     3    2  200  32
     1      9     3    3  180  33
     2      1     1    1  230  11
     2      2     2    2  260  22
     2      3     3    1  260  31
     2      4     3    2  220  32
     2      5     2    3  250  23
     2      6     2    1  270  21
     2      7     1    2  230  12
     2      8     3    3  190  33
     2      9     1    3  210  13
     3      1     2    1  230  21
     3      2     1    3  180  13
     3      3     3    1  210  31
     3      4     3    2  190  32
     3      5     1    1  150  11
     3      6     2    2  190  22
     3      7     1    2  140  12
     3      8     3    3  160  33
     3      9     2    3  180  23
     4      1     3    1  360  31
     4      2     1    1  200  11
     4      3     3    3  380  33
     4      4     2    2  290  22
     4      5     1    3  240  13
     4      6     3    2  310  32
     4      7     2    1  280  21
     4      8     1    2  350  12
     4      9     2    3  210  23
