 brand time
   1    167
   1    171
   1    178
   1    175
   1    184
   1    176
   1    185
   1    172
   1    178
   1    178
   2    231
   2    233
   2    236
   2    252
   2    233
   2    225
   2    241
   2    248
   2    239
   2    248
   3    176
   3    168
   3    171
   3    172
   3    178
   3    176
   3    169
   3    164
   3    169
   3    171
   4    201
   4    199
   4    196
   4    211
   4    209
   4    223
   4    209
   4    219
   4    212
   4    210
