Subj Day Order O2 O3  Path P2 P3  A B    y 
  1   1    1    0  0    1   0  0  1 1   6.313
  1   1    2    0  1    2   0  1  1 2   3.653
  1   1    3    0  2    3   0  2  1 3   6.762
  1   2    4    1  0    4   1  0  2 1   6.223
  1   2    5    1  1    5   1  1  2 2   6.888
  1   2    6    1  2    6   1  2  2 3   7.506
  1   1    1    0  0    1   0  0  1 1  25.032
  1   1    2    0  1    2   0  1  1 2   4.259
  1   1    3    0  2    3   0  2  1 3   4.269
  1   2    4    1  0    4   1  0  2 1   5.621
  1   2    5    1  1    5   1  1  2 2   9.165
  1   2    6    1  2    6   1  2  2 3  12.035
  1   1    1    0  0    1   0  0  1 1   7.600
  1   1    2    0  1    2   0  1  1 2   7.011
  1   1    3    0  2    3   0  2  1 3  11.870
  1   2    4    1  0    4   1  0  2 1  13.733
  1   2    5    1  1    5   1  1  2 2   8.129
  1   2    6    1  2    6   1  2  2 3  17.760
  1   1    1    0  0    1   0  0  1 1  10.376
  1   1    2    0  1    2   0  1  1 2   9.464
  1   1    3    0  2    3   0  2  1 3  14.780
  1   2    4    1  0    4   1  0  2 1   8.713
  1   2    5    1  1    5   1  1  2 2   7.871
  1   2    6    1  2    6   1  2  2 3   5.820
  2   1    1    0  0    2   0  1  1 3   8.574
  2   1    2    0  1    3   0  2  1 1   6.332
  2   1    3    0  2    1   0  0  1 2   5.313
  2   2    4    1  0    5   1  1  2 3   5.832
  2   2    5    1  1    6   1  2  2 1   3.601
  2   2    6    1  2    4   1  0  2 2   5.813
  2   1    1    0  0    2   0  1  1 3   7.244
  2   1    2    0  1    3   0  2  1 1   5.257
  2   1    3    0  2    1   0  0  1 2  12.927
  2   2    4    1  0    5   1  1  2 3   7.441
  2   2    5    1  1    6   1  2  2 1   6.756
  2   2    6    1  2    4   1  0  2 2   7.498
  2   1    1    0  0    2   0  1  1 3  19.585
  2   1    2    0  1    3   0  2  1 1  10.759
  2   1    3    0  2    1   0  0  1 2   3.666
  2   2    4    1  0    5   1  1  2 3   8.659
  2   2    5    1  1    6   1  2  2 1   4.837
  2   2    6    1  2    4   1  0  2 2  10.979
  2   1    1    0  0    2   0  1  1 3  10.066
  2   1    2    0  1    3   0  2  1 1   1.877
  2   1    3    0  2    1   0  0  1 2   7.157
  2   2    4    1  0    5   1  1  2 3  10.088
  2   2    5    1  1    6   1  2  2 1  18.283
  2   2    6    1  2    4   1  0  2 2  12.651
  3   1    1    0  0    3   0  2  1 2   8.700
  3   1    2    0  1    1   0  0  1 3  10.037
  3   1    3    0  2    2   0  1  1 1  11.989
  3   2    4    1  0    6   1  2  2 2   3.607
  3   2    5    1  1    4   1  0  2 3  10.548
  3   2    6    1  2    5   1  1  2 1   9.446
  3   1    1    0  0    3   0  2  1 2   5.436
  3   1    2    0  1    1   0  0  1 3  15.766
  3   1    3    0  2    2   0  1  1 1   6.458
  3   2    4    1  0    6   1  2  2 2   5.892
  3   2    5    1  1    4   1  0  2 3   7.323
  3   2    6    1  2    5   1  1  2 1   4.318
  3   1    1    0  0    3   0  2  1 2   4.101
  3   1    2    0  1    1   0  0  1 3   9.985
  3   1    3    0  2    2   0  1  1 1  11.384
  3   2    4    1  0    6   1  2  2 2   3.577
  3   2    5    1  1    4   1  0  2 3   6.705
  3   2    6    1  2    5   1  1  2 1   5.304
  3   1    1    0  0    3   0  2  1 2   2.142
  3   1    2    0  1    1   0  0  1 3  11.892
  3   1    3    0  2    2   0  1  1 1  10.130
  3   2    4    1  0    6   1  2  2 2   6.800
  3   2    5    1  1    4   1  0  2 3  12.895
  3   2    6    1  2    5   1  1  2 1   8.343
  4   1    1    0  0    1   0  0  2 1   3.700
  4   1    2    0  1    2   0  1  2 2   4.378
  4   1    3    0  2    3   0  2  2 3   4.348
  4   2    4    1  0    4   1  0  1 1  18.534
  4   2    5    1  1    5   1  1  1 2   3.393
  4   2    6    1  2    6   1  2  1 3   4.472
  4   1    1    0  0    1   0  0  2 1  26.995
  4   1    2    0  1    2   0  1  2 2   4.065
  4   1    3    0  2    3   0  2  2 3  10.347
  4   2    4    1  0    4   1  0  1 1   4.280
  4   2    5    1  1    5   1  1  1 2   4.250
  4   2    6    1  2    6   1  2  1 3  13.711
  4   1    1    0  0    1   0  0  2 1   6.061
  4   1    2    0  1    2   0  1  2 2   5.764
  4   1    3    0  2    3   0  2  2 3   2.645
  4   2    4    1  0    4   1  0  1 1   9.041
  4   2    5    1  1    5   1  1  1 2   7.794
  4   2    6    1  2    6   1  2  1 3   9.561
  4   1    1    0  0    1   0  0  2 1  13.332
  4   1    2    0  1    2   0  1  2 2   4.804
  4   1    3    0  2    3   0  2  2 3  11.409
  4   2    4    1  0    4   1  0  1 1   9.450
  4   2    5    1  1    5   1  1  1 2   6.487
  4   2    6    1  2    6   1  2  1 3  13.724
  5   1    1    0  0    2   0  1  2 3   7.924
  5   1    2    0  1    3   0  2  2 1   8.801
  5   1    3    0  2    1   0  0  2 2   6.337
  5   2    4    1  0    5   1  1  1 3   3.435
  5   2    5    1  1    6   1  2  1 1   5.669
  5   2    6    1  2    4   1  0  1 2   7.954
  5   1    1    0  0    2   0  1  2 3   2.563
  5   1    2    0  1    3   0  2  2 1  16.128
  5   1    3    0  2    1   0  0  2 2  21.415
  5   2    4    1  0    5   1  1  1 3   4.446
  5   2    5    1  1    6   1  2  1 1   8.044
  5   2    6    1  2    4   1  0  1 2   6.689
  5   1    1    0  0    2   0  1  2 3   6.068
  5   1    2    0  1    3   0  2  2 1   4.969
  5   1    3    0  2    1   0  0  2 2   4.171
  5   2    4    1  0    5   1  1  1 3   4.716
  5   2    5    1  1    6   1  2  1 1   5.759
  5   2    6    1  2    4   1  0  1 2   5.960
  5   1    1    0  0    2   0  1  2 3  10.897
  5   1    2    0  1    3   0  2  2 1  16.305
  5   1    3    0  2    1   0  0  2 2  10.265
  5   2    4    1  0    5   1  1  1 3  16.321
  5   2    5    1  1    6   1  2  1 1   5.127
  5   2    6    1  2    4   1  0  1 2   7.758
  6   1    1    0  0    3   0  2  2 2  22.194
  6   1    2    0  1    1   0  0  2 3  11.316
  6   1    3    0  2    2   0  1  2 1  11.540
  6   2    4    1  0    6   1  2  1 2   3.791
  6   2    5    1  1    4   1  0  1 3  15.781
  6   2    6    1  2    5   1  1  1 1   5.236
  6   1    1    0  0    3   0  2  2 2  13.209
  6   1    2    0  1    1   0  0  2 3  24.914
  6   1    3    0  2    2   0  1  2 1  18.154
  6   2    4    1  0    6   1  2  1 2   9.139
  6   2    5    1  1    4   1  0  1 3  20.223
  6   2    6    1  2    5   1  1  1 1   3.422
  6   1    1    0  0    3   0  2  2 2  13.197
  6   1    2    0  1    1   0  0  2 3   9.051
  6   1    3    0  2    2   0  1  2 1  34.058
  6   2    4    1  0    6   1  2  1 2   7.538
  6   2    5    1  1    4   1  0  1 3  28.214
  6   2    6    1  2    5   1  1  1 1   4.137
  6   1    1    0  0    3   0  2  2 2  25.314
  6   1    2    0  1    1   0  0  2 3  14.575
  6   1    3    0  2    2   0  1  2 1   9.957
  6   2    4    1  0    6   1  2  1 2  11.847
  6   2    5    1  1    4   1  0  1 3  16.591
  6   2    6    1  2    5   1  1  1 1  24.117
  7   1    1    0  0    4   1  0  2 1  15.819
  7   1    2    0  1    5   1  1  2 2  17.896
  7   1    3    0  2    6   1  2  2 3   6.257
  7   2    4    1  0    1   0  0  1 1   2.320
  7   2    5    1  1    2   0  1  1 2   6.519
  7   2    6    1  2    3   0  2  1 3   4.058
  7   1    1    0  0    4   1  0  2 1   6.846
  7   1    2    0  1    5   1  1  2 2   7.257
  7   1    3    0  2    6   1  2  2 3   8.781
  7   2    4    1  0    1   0  0  1 1  26.503
  7   2    5    1  1    2   0  1  1 2   6.613
  7   2    6    1  2    3   0  2  1 3   5.936
  7   1    1    0  0    4   1  0  2 1  14.657
  7   1    2    0  1    5   1  1  2 2   7.117
  7   1    3    0  2    6   1  2  2 3  13.149
  7   2    4    1  0    1   0  0  1 1  21.167
  7   2    5    1  1    2   0  1  1 2   8.820
  7   2    6    1  2    3   0  2  1 3  11.339
  7   1    1    0  0    4   1  0  2 1   8.184
  7   1    2    0  1    5   1  1  2 2   8.110
  7   1    3    0  2    6   1  2  2 3   8.948
  7   2    4    1  0    1   0  0  1 1   4.280
  7   2    5    1  1    2   0  1  1 2   4.733
  7   2    6    1  2    3   0  2  1 3   4.743
  8   1    1    0  0    5   1  1  2 3  11.039
  8   1    2    0  1    6   1  2  2 1   3.718
  8   1    3    0  2    4   1  0  2 2   7.356
  8   2    4    1  0    2   0  1  1 3   3.837
  8   2    5    1  1    3   0  2  1 1   5.856
  8   2    6    1  2    1   0  0  1 2   6.410
  8   1    1    0  0    5   1  1  2 3   7.973
  8   1    2    0  1    6   1  2  2 1  18.952
  8   1    3    0  2    4   1  0  2 2   9.132
  8   2    4    1  0    2   0  1  1 3   3.759
  8   2    5    1  1    3   0  2  1 1  16.997
  8   2    6    1  2    1   0  0  1 2  26.575
  8   1    1    0  0    5   1  1  2 3   6.242
  8   1    2    0  1    6   1  2  2 1   5.573
  8   1    3    0  2    4   1  0  2 2   4.332
  8   2    4    1  0    2   0  1  1 3   9.298
  8   2    5    1  1    3   0  2  1 1   8.671
  8   2    6    1  2    1   0  0  1 2   2.342
  8   1    1    0  0    5   1  1  2 3   4.115
  8   1    2    0  1    6   1  2  2 1   6.384
  8   1    3    0  2    4   1  0  2 2   6.200
  8   2    4    1  0    2   0  1  1 3  16.905
  8   2    5    1  1    3   0  2  1 1  11.883
  8   2    6    1  2    1   0  0  1 2   5.397
  9   1    1    0  0    6   1  2  2 2   4.371
  9   1    2    0  1    4   1  0  2 3   8.725
  9   1    3    0  2    5   1  1  2 1   7.110
  9   2    4    1  0    3   0  2  1 2   4.352
  9   2    5    1  1    1   0  0  1 3   7.832
  9   2    6    1  2    2   0  1  1 1   7.286
  9   1    1    0  0    6   1  2  2 2   4.846
  9   1    2    0  1    4   1  0  2 3  11.287
  9   1    3    0  2    5   1  1  2 1   6.264
  9   2    4    1  0    3   0  2  1 2   6.641
  9   2    5    1  1    1   0  0  1 3  31.707
  9   2    6    1  2    2   0  1  1 1   6.662
  9   1    1    0  0    6   1  2  2 2   6.666
  9   1    2    0  1    4   1  0  2 3  10.870
  9   1    3    0  2    5   1  1  2 1   9.541
  9   2    4    1  0    3   0  2  1 2   6.450
  9   2    5    1  1    1   0  0  1 3   1.774
  9   2    6    1  2    2   0  1  1 1   9.589
  9   1    1    0  0    6   1  2  2 2   4.063
  9   1    2    0  1    4   1  0  2 3   5.369
  9   1    3    0  2    5   1  1  2 1   6.810
  9   2    4    1  0    3   0  2  1 2   8.597
  9   2    5    1  1    1   0  0  1 3  11.848
  9   2    6    1  2    2   0  1  1 1   4.008
 10   1    1    0  0    4   1  0  1 1  22.287
 10   1    2    0  1    5   1  1  1 2  22.921
 10   1    3    0  2    6   1  2  1 3  15.016
 10   2    4    1  0    1   0  0  2 1  26.405
 10   2    5    1  1    2   0  1  2 2   7.143
 10   2    6    1  2    3   0  2  2 3  10.467
 10   1    1    0  0    4   1  0  1 1  19.107
 10   1    2    0  1    5   1  1  1 2  12.482
 10   1    3    0  2    6   1  2  1 3   5.827
 10   2    4    1  0    1   0  0  2 1  13.756
 10   2    5    1  1    2   0  1  2 2  11.160
 10   2    6    1  2    3   0  2  2 3  21.939
 10   1    1    0  0    4   1  0  1 1  15.018
 10   1    2    0  1    5   1  1  1 2  15.430
 10   1    3    0  2    6   1  2  1 3  18.707
 10   2    4    1  0    1   0  0  2 1  11.025
 10   2    5    1  1    2   0  1  2 2  12.443
 10   2    6    1  2    3   0  2  2 3   5.404
 10   1    1    0  0    4   1  0  1 1  21.375
 10   1    2    0  1    5   1  1  1 2  16.123
 10   1    3    0  2    6   1  2  1 3  11.564
 10   2    4    1  0    1   0  0  2 1  15.990
 10   2    5    1  1    2   0  1  2 2   8.029
 10   2    6    1  2    3   0  2  2 3  10.791
 11   1    1    0  0    5   1  1  1 3   5.883
 11   1    2    0  1    6   1  2  1 1   6.531
 11   1    3    0  2    4   1  0  1 2  10.834
 11   2    4    1  0    2   0  1  2 3   9.284
 11   2    5    1  1    3   0  2  2 1   6.103
 11   2    6    1  2    1   0  0  2 2   3.570
 11   1    1    0  0    5   1  1  1 3   7.288
 11   1    2    0  1    6   1  2  1 1  15.533
 11   1    3    0  2    4   1  0  1 2   8.584
 11   2    4    1  0    2   0  1  2 3  10.828
 11   2    5    1  1    3   0  2  2 1  12.479
 11   2    6    1  2    1   0  0  2 2  24.502
 11   1    1    0  0    5   1  1  1 3   3.260
 11   1    2    0  1    6   1  2  1 1   8.494
 11   1    3    0  2    4   1  0  1 2  18.250
 11   2    4    1  0    2   0  1  2 3   9.102
 11   2    5    1  1    3   0  2  2 1   6.008
 11   2    6    1  2    1   0  0  2 2   5.115
 11   1    1    0  0    5   1  1  1 3  10.154
 11   1    2    0  1    6   1  2  1 1  10.479
 11   1    3    0  2    4   1  0  1 2   9.515
 11   2    4    1  0    2   0  1  2 3   8.701
 11   2    5    1  1    3   0  2  2 1   5.436
 11   2    6    1  2    1   0  0  2 2  11.389
 12   1    1    0  0    6   1  2  1 2   5.826
 12   1    2    0  1    4   1  0  1 3  12.041
 12   1    3    0  2    5   1  1  1 1   8.747
 12   2    5    1  1    1   0  0  2 3   9.794
 12   2    6    1  2    2   0  1  2 1  16.560
 12   1    1    0  0    6   1  2  1 2  10.782
 12   1    2    0  1    4   1  0  1 3   8.086
 12   1    3    0  2    5   1  1  1 1   8.952
 12   2    5    1  1    1   0  0  2 3  23.941
 12   2    6    1  2    2   0  1  2 1  17.369
 12   1    1    0  0    6   1  2  1 2   7.168
 12   1    2    0  1    4   1  0  1 3   5.918
 12   1    3    0  2    5   1  1  1 1   1.080
 12   2    5    1  1    1   0  0  2 3  20.566
 12   2    6    1  2    2   0  1  2 1  11.995
 12   1    1    0  0    6   1  2  1 2   8.218
 12   1    2    0  1    4   1  0  1 3   9.626
 12   1    3    0  2    5   1  1  1 1  11.367
 12   2    5    1  1    1   0  0  2 3   4.180
 12   2    6    1  2    2   0  1  2 1  16.735
