Subj Day Order O2 O3  Path P2 P3  A B    y
  1   1    1    0  0    1   0  0  1 1  15.633
  1   1    2    0  1    2   0  1  1 2  11.717
  1   1    3    0  2    3   0  2  1 3  13.550
  1   2    4    1  0    4   1  0  2 1  11.900
  1   2    5    1  1    5   1  1  2 2  11.817
  1   2    6    1  2    6   1  2  2 3  16.517
  2   1    1    0  0    2   0  1  1 3  13.767
  2   1    2    0  1    3   0  2  1 1  13.867
  2   1    3    0  2    1   0  0  1 2  11.233
  2   2    4    1  0    5   1  1  2 3  10.533
  2   2    5    1  1    6   1  2  2 1  11.966
  2   2    6    1  2    4   1  0  2 2  10.633
  3   1    1    0  0    3   0  2  1 2  11.150
  3   1    2    0  1    1   0  0  1 3  13.167
  3   1    3    0  2    2   0  1  1 1  12.633
  3   2    4    1  0    6   1  2  2 2   9.367
  3   2    5    1  1    4   1  0  2 3  10.350
  3   2    6    1  2    5   1  1  2 1   9.750
  4   1    1    0  0    1   0  0  2 1  11.867
  4   1    2    0  1    2   0  1  2 2   8.600
  4   1    3    0  2    3   0  2  2 3   8.700
  4   2    4    1  0    4   1  0  1 1  10.400
  4   2    5    1  1    5   1  1  1 2   9.117
  4   2    6    1  2    6   1  2  1 3  10.067
  5   1    1    0  0    2   0  1  2 3  10.183
  5   1    2    0  1    3   0  2  2 1  11.600
  5   1    3    0  2    1   0  0  2 2   8.350
  5   2    4    1  0    5   1  1  1 3  16.667
  5   2    5    1  1    6   1  2  1 1   9.783
  5   2    6    1  2    4   1  0  1 2   7.600
  6   1    1    0  0    3   0  2  2 2   7.650
  6   1    2    0  1    1   0  0  2 3   9.667
  6   1    3    0  2    2   0  1  2 1  12.417
  6   2    4    1  0    6   1  2  1 2  11.400
  6   2    5    1  1    4   1  0  1 3  14.900
  6   2    6    1  2    5   1  1  1 1  10.350
  7   1    1    0  0    4   1  0  2 1   9.233
  7   1    2    0  1    5   1  1  2 2   8.700
  7   1    3    0  2    6   1  2  2 3  12.083
  7   2    4    1  0    1   0  0  1 1  10.700
  7   2    5    1  1    2   0  1  1 2   7.833
  7   2    6    1  2    3   0  2  1 3   9.050
  8   1    1    0  0    5   1  1  2 3  11.130
  8   1    2    0  1    6   1  2  2 1   8.717
  8   1    3    0  2    4   1  0  2 2   7.967
  8   2    4    1  0    2   0  1  1 3   8.867
  8   2    5    1  1    3   0  2  1 1   8.917
  8   2    6    1  2    1   0  0  1 2   6.667
  9   1    1    0  0    6   1  2  2 2  12.133
  9   1    2    0  1    4   1  0  2 3  12.800
  9   1    3    0  2    5   1  1  2 1  12.433
  9   2    4    1  0    3   0  2  1 2  11.767
  9   2    5    1  1    1   0  0  1 3  12.367
  9   2    6    1  2    2   0  1  1 1  12.983
 10   1    1    0  0    4   1  0  1 1  18.150
 10   1    2    0  1    5   1  1  1 2  10.483
 10   1    3    0  2    6   1  2  1 3  13.370
 10   2    4    1  0    1   0  0  2 1  14.100
 10   2    5    1  1    2   0  1  2 2  10.217
 10   2    6    1  2    3   0  2  2 3  11.583
 11   1    1    0  0    5   1  1  1 3  10.883
 11   1    2    0  1    6   1  2  1 1  15.117
 11   1    3    0  2    4   1  0  1 2  10.833
 11   2    4    1  0    2   0  1  2 3  16.783
 11   2    5    1  1    3   0  2  2 1  15.333
 11   2    6    1  2    1   0  0  2 2  12.483
 12   1    1    0  0    6   1  2  1 2   9.567
 12   1    2    0  1    4   1  0  1 3  16.450
 12   1    3    0  2    5   1  1  1 1  11.217
 12   2    5    1  1    1   0  0  2 3  10.567
 12   2    6    1  2    2   0  1  2 1  10.517
