Method Fat WtLoss
   1    1    81
   1    1    88
   1    1    85
   1    1    84
   1    1    84
   1    2    85
   1    2    80
   1    2    82
   1    2    80
   1    2    82
   1    3    71
   1    3    77
   1    3    72
   1    3    80
   1    3    80
   2    1    84
   2    1    84
   2    1    82
   2    1    81
   2    1    86
   2    2    83
   2    2    88
   2    2    85
   2    2    86
   2    2    88
   2    3    78
   2    3    75
   2    3    78
   2    3    79
   2    3    82