  block NPK N P K yield
    1   011 0 1 1  49.5
    1   000 0 0 0  46.8
    1   110 1 1 0  62.8
    1   101 1 0 1  57.0
    2   100 1 0 0  62.0
    2   001 0 0 1  45.5
    2   111 1 1 1  48.8
    2   010 0 1 0  44.2
    3   100 1 0 0  59.8
    3   001 0 0 1  55.5
    3   111 1 1 1  58.5
    3   010 0 1 0  56.0
    4   110 1 1 0  52.0
    4   101 1 0 1  49.8
    4   000 0 0 0  51.5
    4   011 0 1 1  48.8
    5   010 0 1 0  62.8
    5   100 1 0 0  69.5
    5   111 1 1 1  55.8
    5   001 0 0 1  55.0
    6   101 1 0 1  57.2
    6   011 0 1 1  53.2
    6   110 1 1 0  59.0
    6   000 0 0 0  56.0
