  block trtmt A B C D E yield
    1   00000 0 0 0 0 0  142
    1   00011 0 0 0 1 1  101
    1   00101 0 0 1 0 1  113
    1   00110 0 0 1 1 0  200
    1   01001 0 1 0 0 1   88
    1   01010 0 1 0 1 0  146
    1   01100 0 1 1 0 0  200
    1   01111 0 1 1 1 1  145
    1   10001 1 0 0 0 1  106
    1   10010 1 0 0 1 0  108
    1   10100 1 0 1 0 0  162
    1   10111 1 0 1 1 1   83
    1   11000 1 1 0 0 0  109
    1   11011 1 1 0 1 1   72
    1   11101 1 1 1 0 1   79
    1   11110 1 1 1 1 0  118
    2   00001 0 0 0 0 1  106
    2   00010 0 0 0 1 0  148
    2   00100 0 0 1 0 0  185
    2   00111 0 0 1 1 1  130
    2   01000 0 1 0 0 0  129
    2   01011 0 1 0 1 1  140
    2   01101 0 1 1 0 1  166
    2   01110 0 1 1 1 0  215
    2   10000 1 0 0 0 0  114
    2   10011 1 0 0 1 1  114
    2   10101 1 0 1 0 1   88
    2   10110 1 0 1 1 0  164
    2   11001 1 1 0 0 1   98
    2   11010 1 1 0 1 0  195
    2   11100 1 1 1 0 0  172
    2   11111 1 1 1 1 1  110
