  subj order TC   trtmt number color diff
    1    1   23     6      2     3     4
    1    2   22     5      2     2    -3
    1    3   11     1      1     1     0
    1    4   12     2      1     2    -3
    1    5   32     8      3     2    -1
    1    6   13     3      1     3    -3
    1    7   31     7      3     1    -6
    1    8   33     9      3     3    -9
    1    9   21     4      2     1    -1
    2    1   12     2      1     2     2
    2    2   31     7      3     1    16
    2    3   32     8      3     2    21
    2    4   21     4      2     1     9
    2    5   22     5      2     2     4
    2    6   33     9      3     3    16
    2    7   23     6      2     3     9
    2    8   11     1      1     1     2
    2    9   13     3      1     3     2
    3    1   21     4      2     1     4
    3    2   23     6      2     3    -1
    3    3   12     2      1     2     7
    3    4   13     3      1     3    -5
    3    5   33     9      3     3    -1
    3    6   11     1      1     1   -13
    3    7   32     8      3     2    -9
    3    8   31     7      3     1   -19
    3    9   22     5      2     2   -16
    4    1   32     8      3     2    21
    4    2   12     2      1     2     4
    4    3   22     5      2     2     3
    4    4   31     7      3     1    11
    4    5   13     3      1     3     0
    4    6   21     4      2     1     4
    4    7   11     1      1     1     0
    4    8   23     6      2     3     4
    4    9   33     9      3     3    11
    5    1   31     7      3     1     7
    5    2   11     1      1     1    -2
    5    3   21     4      2     1     2
    5    4   33     9      3     3     3
    5    5   12     2      1     2    -3
    5    6   23     6      2     3     3
    5    7   13     3      1     3    -4
    5    8   22     5      2     2    -5
    5    9   32     8      3     2    -7
    6    1   11     1      1     1     3
    6    2   33     9      3     3     7
    6    3   31     7      3     1    14
    6    4   23     6      2     3    11
    6    5   21     4      2     1    12
    6    6   32     8      3     2    17
    6    7   22     5      2     2    10
    6    8   13     3      1     3     5
    6    9   12     2      1     2     0
    7    1   22     5      2     2    11
    7    2   21     4      2     1    14
    7    3   13     3      1     3     0
    7    4   11     1      1     1     1
    7    5   31     7      3     1    16
    7    6   12     2      1     2     1
    7    7   33     9      3     3    13
    7    8   32     8      3     2    14
    7    9   23     6      2     3     7
    8    1   13     3      1     3     7
    8    2   32     8      3     2    16
    8    3   33     9      3     3    16
    8    4   22     5      2     2     4
    8    5   23     6      2     3     4
    8    6   31     7      3     1    16
    8    7   21     4      2     1    14
    8    8   12     2      1     2     7
    8    9   11     1      1     1     2
    9    1   33     9      3     3    21
    9    2   13     3      1     3     2
    9    3   23     6      2     3    10
    9    4   32     8      3     2    24
    9    5   11     1      1     1     6
    9    6   22     5      2     2    13
    9    7   12     2      1     2     2
    9    8   21     4      2     1     8
    9    9   31     7      3     1    20
   10    1   33     9      3     3    16
   10    2   31     7      3     1    20
   10    3   22     5      2     2     6
   10    4   21     4      2     1     6
   10    5   11     1      1     1     7
   10    6   23     6      2     3     6
   10    7   12     2      1     2     2
   10    8   13     3      1     3     3
   10    9   32     8      3     2    14
   11    1   12     2      1     2     2
   11    2   22     5      2     2     4
   11    3   32     8      3     2    11
   11    4   13     3      1     3     2
   11    5   21     4      2     1     9
   11    6   33     9      3     3     1
   11    7   23     6      2     3     4
   11    8   31     7      3     1    -4
   11    9   11     1      1     1     7
   12    1   13     3      1     3    -4
   12    2   23     6      2     3   -11
   12    3   33     9      3     3    -4
   12    4   11     1      1     1    -3
   12    5   22     5      2     2     4
   12    6   31     7      3     1    11
   12    7   21     4      2     1    -1
   12    8   32     8      3     2     1
   12    9   12     2      1     2    -3
   13    1   21     4      2     1     4
   13    2   12     2      1     2    -1
   13    3   11     1      1     1     2
   13    4   32     8      3     2    11
   13    5   31     7      3     1    11
   13    6   13     3      1     3    -3
   13    7   33     9      3     3     1
   13    8   22     5      2     2    -1
   13    9   23     6      2     3    11
   14    1   22     5      2     2     2
   14    2   13     3      1     3    -7
   14    3   12     2      1     2    -9
   14    4   33     9      3     3     8
   14    5   32     8      3     2    -2
   14    6   11     1      1     1    -6
   14    7   31     7      3     1    -9
   14    8   23     6      2     3     4
   14    9   21     4      2     1     2
   15    1   31     7      3     1    21
   15    2   32     8      3     2    21
   15    3   23     6      2     3    14
   15    4   22     5      2     2    14
   15    5   12     2      1     2     4
   15    6   21     4      2     1    16
   15    7   13     3      1     3     0
   15    8   11     1      1     1     5
   15    9   33     9      3     3    11
   16    1   11     1      1     1     2
   16    2   21     4      2     1     9
   16    3   31     7      3     1    21
   16    4   12     2      1     2     6
   16    5   23     6      2     3     9
   16    6   32     8      3     2    18
   16    7   22     5      2     2     9
   16    8   33     9      3     3    16
   16    9   13     3      1     3     2
   17    1   32     8      3     2     6
   17    2   33     9      3     3     6
   17    3   21     4      2     1    -1
   17    4   23     6      2     3    -1
   17    5   13     3      1     3     2
   17    6   22     5      2     2     4
   17    7   11     1      1     1    -3
   17    8   12     2      1     2    -1
   17    9   31     7      3     1     6
   18    1   23     6      2     3     4
   18    2   11     1      1     1     2
   18    3   13     3      1     3     2
   18    4   31     7      3     1    11
   18    5   33     9      3     3     6
   18    6   12     2      1     2     2
   18    7   32     8      3     2     6
   18    8   21     4      2     1    -1
   18    9   22     5      2     2     4
