  sulf trough fish count 
    0     1     1   213
    0     1     1   230
    0     1     2   253
    0     1     2   231
    0     1     3   195
    0     1     3   164
    0     1     4   193
    0     1     4   203
    0     1     5   191
    0     1     5   195
    0     2     1   166
    0     2     1   157
    0     2     2   206
    0     2     2   185
    0     2     3   245
    0     2     3   250
    0     2     4   213
    0     2     4   181
    0     2     5   198
    0     2     5   169
    5     1     1   296
    5     1     1   319
    5     1     2   278
    5     1     2   258
    5     1     3   345
    5     1     3   307
    5     1     4   322
    5     1     4   372
    5     1     5   248
    5     1     5   274
    5     2     1   310
    5     2     1   309
    5     2     2   241
    5     2     2   270
    5     2     3   272
    5     2     3   311
    5     2     4   254
    5     2     4   237
    5     2     5   266
    5     2     5   275
   10     1     1   339
   10     1     1   322
   10     1     2   282
   10     1     2   285
   10     1     3   236
   10     1     3   262
   10     1     4   252
   10     1     4   209
   10     1     5   263
   10     1     5   296
   10     2     1   196
   10     2     1   232
   10     2     2   205
   10     2     2   186
   10     2     3   252
   10     2     3   274
   10     2     4   245
   10     2     4   216
   10     2     5   249
   10     2     5   260
   15     1     1   278
   15     1     1   212
   15     1     2   275
   15     1     2   311
   15     1     3   186
   15     1     3   158
   15     1     4   301
   15     1     4   281
   15     1     5   223
   15     1     5   246
   15     2     1   287
   15     2     1   280
   15     2     2   221
   15     2     2   243
   15     2     3   331
   15     2     3   309
   15     2     4   231
   15     2     4   244
   15     2     5   292
   15     2     5   295
