  block trtmt   N P K yield 
    1    211    2 1 1  2575
    1    120    1 2 0  2472
    1    200    2 0 0  2411
    1    002    0 0 2  2403
    1    010    0 1 0  2220
    1    021    0 2 1  2252
    1    101    1 0 1  2295
    1    112    1 1 2  2362
    1    222    2 2 2  2434
    2    121    1 2 1  2599
    2    220    2 2 0  2517
    2    022    0 2 2  2411
    2    110    1 1 0  2252
    2    212    2 1 2  2381
    2    201    2 0 1  2067
    2    102    1 0 2  2021
    2    011    0 1 1  1953
    2    000    0 0 0  1989
    3    202    2 0 2  2189
    3    020    0 2 0  2093
    3    210    2 1 0  2354
    3    111    1 1 1  2268
    3    001    0 0 1  1926
    3    122    1 2 2  2152
    3    221    2 2 1  2349
    3    012    0 1 2  2025
    3    100    1 0 0  2106 
