 A W B C Time
 1 1 1 1  20
 1 1 1 2  21
 1 1 1 3  27
 1 1 1 4  32
 1 1 2 1  23
 1 1 2 2  21
 1 1 2 3  30
 1 1 2 4  28
 1 2 1 1  24
 1 2 1 2  19
 1 2 1 3  33
 1 2 1 4  35
 1 2 2 1  24
 1 2 2 2  23
 1 2 2 3  32
 1 2 2 4  30
 1 3 1 1  19
 1 3 1 2  22
 1 3 1 3  28
 1 3 1 4  33
 1 3 2 1  21
 1 3 2 2  20
 1 3 2 3  34
 1 3 2 4  31
 1 4 1 1  30
 1 4 1 2  27
 1 4 1 3  37
 1 4 1 4  30
 1 4 2 1  26
 1 4 2 2  24
 1 4 2 3  31
 1 4 2 4  33
 1 5 1 1  25
 1 5 1 2  24
 1 5 1 3  35
 1 5 1 4  38
 1 5 2 1  28
 1 5 2 2  27
 1 5 2 3  33
 1 5 2 4  30
 1 6 1 1  22
 1 6 1 2  20
 1 6 1 3  40
 1 6 1 4  41
 1 6 2 1  26
 1 6 2 2  25
 1 6 2 3  29
 1 6 2 4  37
 1 7 1 1  28
 1 7 1 2  23
 1 7 1 3  34
 1 7 1 4  36
 1 7 2 1  28
 1 7 2 2  26
 1 7 2 3  37
 1 7 2 4  34
 1 8 1 1  21
 1 8 1 2  26
 1 8 1 3  33
 1 8 1 4  34
 1 8 2 1  24
 1 8 2 2  28
 1 8 2 3  34
 1 8 2 4  40
 2 1 1 1   8
 2 1 1 2   9
 2 1 1 3  11
 2 1 1 4   9
 2 1 2 1   7
 2 1 2 2   7
 2 1 2 3   8
 2 1 2 4   8
 2 2 1 1  10
 2 2 1 2   8
 2 2 1 3  13
 2 2 1 4  13
 2 2 2 1  12
 2 2 2 2   8
 2 2 2 3  18
 2 2 2 4  10
 2 3 1 1  11
 2 3 1 2   9
 2 3 1 3  15
 2 3 1 4  14
 2 3 2 1   9
 2 3 2 2  10
 2 3 2 3  15
 2 3 2 4  18
 2 4 1 1   8
 2 4 1 2   9
 2 4 1 3  12
 2 4 1 4  18
 2 4 2 1   8
 2 4 2 2  12
 2 4 2 3   8
 2 4 2 4   9
 2 5 1 1   7
 2 5 1 2  10
 2 5 1 3  17
 2 5 1 4  13
 2 5 2 1  12
 2 5 2 2  12
 2 5 2 3  12
 2 5 2 4  17
 2 6 1 1   9
 2 6 1 2   7
 2 6 1 3  13
 2 6 1 4  12
 2 6 2 1  10
 2 6 2 2   7
 2 6 2 3  12
 2 6 2 4  10
 2 7 1 1  11
 2 7 1 2  12
 2 7 1 3  10
 2 7 1 4  11
 2 7 2 1  13
 2 7 2 2   8
 2 7 2 3  10
 2 7 2 4   8
 2 8 1 1  10
 2 8 1 2  11
 2 8 1 3  15
 2 8 1 4  13
 2 8 2 1   7
 2 8 2 2  13
 2 8 2 3   9
 2 8 2 4   8