  sample aliquot subali part viscosity 
    1       1      1     1     59.8
    1       1      1     2     59.4
    1       1      2     1     58.2
    1       1      2     2     63.5
    1       2      1     1     66.6
    1       2      1     2     63.9
    1       2      2     1     61.8
    1       2      2     2     62.0
    1       3      1     1     64.9
    1       3      1     2     68.8
    1       3      2     1     66.3
    1       3      2     2     63.5
    1       4      1     1     62.7
    1       4      1     2     62.2
    1       4      2     1     62.9
    1       4      2     2     62.8
    1       5      1     1     59.5
    1       5      1     2     61.0
    1       5      2     1     54.6
    1       5      2     2     61.5
    1       6      1     1     69.0
    1       6      1     2     69.0
    1       6      2     1     60.6
    1       6      2     2     61.8
    1       7      1     1     64.5
    1       7      1     2     66.8
    1       7      2     1     60.2
    1       7      2     2     57.4
    1       8      1     1     61.6
    1       8      1     2     56.6
    1       8      2     1     64.5
    1       8      2     2     62.3
    1       9      1     1     64.5
    1       9      1     2     61.3
    1       9      2     1     72.7
    1       9      2     2     72.4
    1      10      1     1     65.2
    1      10      1     2     63.9
    1      10      2     1     60.8
    1      10      2     2     61.2
    2       1      1     1     59.8
    2       1      1     2     61.2
    2       1      2     1     60.0
    2       1      2     2     65.0
    2       2      1     1     65.0
    2       2      1     2     65.8
    2       2      2     1     64.5
    2       2      2     2     64.5
    2       3      1     1     65.0
    2       3      1     2     65.2
    2       3      2     1     65.5
    2       3      2     2     63.5
    2       4      1     1     62.5
    2       4      1     2     61.9
    2       4      2     1     60.9
    2       4      2     2     61.5
    2       5      1     1     59.8
    2       5      1     2     60.9
    2       5      2     1     56.0
    2       5      2     2     57.2
    2       6      1     1     68.8
    2       6      1     2     69.0
    2       6      2     1     62.5
    2       6      2     2     62.0
    2       7      1     1     65.2
    2       7      1     2     65.6
    2       7      2     1     61.0
    2       7      2     2     59.3
    2       8      1     1     59.6
    2       8      1     2     58.5
    2       8      2     1     62.3
    2       8      2     2     61.5
    2       9      1     1     61.0
    2       9      1     2     64.0
    2       9      2     1     73.0
    2       9      2     2     71.7
    2      10      1     1     65.0
    2      10      1     2     64.0
    2      10      2     1     62.0
    2      10      2     2     63.0 
