  salt burner time order 
    0     1     7     7
    0     1     8    21
    0     1     7    30
    0     2     4     6
    0     2     4    20
    0     2     4    27
    0     3     6     9
    0     3     7    16
    0     3     6    22
    0     4     9    29
    0     4     9    32
    0     4     9    42
    2     1     4    13
    2     1     7    25
    2     1     7    26
    2     2     4    36
    2     2     5    44
    2     2     4    45
    2     3     6    46
    2     3     6    47
    2     3     5    48
    2     4     8     5
    2     4     8    10
    2     4     8    11
    4     1     7    24
    4     1     7    34
    4     1     7    41
    4     2     4     1
    4     2     4    14
    4     2     5    18
    4     3     7     8
    4     3     6    12
    4     3     7    43
    4     4     8     3
    4     4     9    19
    4     4    10    23
    6     1     5    15
    6     1     7    33
    6     1     7    37
    6     2     4    28
    6     2     4    31
    6     2     4    38
    6     3     5    35
    6     3     6    39
    6     3     6    40
    6     4     8     2
    6     4     8     4
    6     4     7    17 
