  trtmt water yeast bath block   y 
   111    1     1     1    1    8.2
   111    1     1     1    1    2.7
   111    1     1     1    2   10.9
   111    1     1     1    2    1.8
   111    1     1     1    3   11.4
   111    1     1     1    3    4.8
   112    1     1     2    1   30.0
   112    1     1     2    1   39.8
   112    1     1     2    2   31.8
   112    1     1     2    2   36.0
   112    1     1     2    3   42.4
   112    1     1     2    3   20.0
   121    1     2     1    1   12.6
   121    1     2     1    1   17.7
   121    1     2     1    2    3.5
   121    1     2     1    2    3.4
   121    1     2     1    3    3.4
   121    1     2     1    3    8.5
   122    1     2     2    1   64.7
   122    1     2     2    1   73.9
   122    1     2     2    2   42.0
   122    1     2     2    2   32.6
   122    1     2     2    3   34.5
   122    1     2     2    3   30.0
   211    2     1     1    1   18.1
   211    2     1     1    1    5.4
   211    2     1     1    2   12.3
   211    2     1     1    2   18.3
   211    2     1     1    3    8.5
   211    2     1     1    3    8.0
   212    2     1     2    1   63.5
   212    2     1     2    1   66.3
   212    2     1     2    2   23.7
   212    2     1     2    2   57.5
   212    2     1     2    3   30.6
   212    2     1     2    3   45.3
   221    2     2     1    1    4.2
   221    2     2     1    1   12.2
   221    2     2     1    2    7.7
   221    2     2     1    2    8.3
   221    2     2     1    3    6.0
   221    2     2     1    3    8.2
   222    2     2     2    1   96.8
   222    2     2     2    1   71.1
   222    2     2     2    2   34.1
   222    2     2     2    2   40.9
   222    2     2     2    3   49.3
   222    2     2     2    3   46.0
   311    3     1     1    1   44.4
   311    3     1     1    1   16.4
   311    3     1     1    2    5.0
   311    3     1     1    2    4.8
   311    3     1     1    3    8.5
   311    3     1     1    3    3.3
   312    3     1     2    1   58.2
   312    3     1     2    1   63.3
   312    3     1     2    2   29.2
   312    3     1     2    2   27.8
   312    3     1     2    3   37.5
   312    3     1     2    3   18.2
   321    3     2     1    1   19.8
   321    3     2     1    1    9.4
   321    3     2     1    2    4.8
   321    3     2     1    2    6.7
   321    3     2     1    3    6.4
   321    3     2     1    3   12.9
   322    3     2     2    1   99.7
   322    3     2     2    1   92.3
   322    3     2     2    2   53.2
   322    3     2     2    2   58.9
   322    3     2     2    3   43.9
   322    3     2     2    3   73.7 
